5 5.96046447754e-06 5
6 5.00679016113e-06 8
7 5.96046447754e-06 13
8 9.05990600586e-06 21
9 1.50203704834e-05 34
10 2.40802764893e-05 55
11 4.00543212891e-05 89
12 5.79357147217e-05 144
13 9.48905944824e-05 233
14 0.000150918960571 377
15 0.000242948532104 610
16 0.000392913818359 987
17 0.000634908676147 1597
18 0.00102686882019 2584
19 0.0016770362854 4181
20 0.0027129650116 6765
21 0.00443696975708 10946
22 0.00675392150879 17711
23 0.010379076004 28657
24 0.0158848762512 46368
25 0.0232889652252 75025
26 0.0337588787079 121393
27 0.0465228557587 196418
28 0.0628130435944 317811
29 0.078644990921 514229
30 0.125200986862 832040
31 0.210134983063 1346269
32 0.328399896622 2178309
33 0.517117977142 3524578
34 0.833581924438 5702887
35 1.34930896759 9227465
